0
43.76627889868105
45.92415277182125
47.665869940913545
49.80099969449835
52.49762484279782
53.47053649182559
55.5350145145485
56.31028962793357
56.59221048009878
53.36842995361712
52.85507382636192
55.00188502956148
54.16781296202316
54.17307607143962
56.25716459822579
56.62028060413352
55.38503569867774
55.870511168115634
56.53826420142216
56.36339199371845
55.697934995125884
55.777822342562835
54.71655727050818
56.40239726969208
57.392643662343445
55.31717142808411
54.281712426487125
56.2269130143147
55.37477164333038
55.37011881172862
55.281254321381525
54.50233172196424
55.42293087165932
55.06457490946558
56.90098687969141
55.42164152154333
55.729973890613934
54.68123940173517
56.19105880872489
56.570071386636045
54.611135563323074
55.5020222012339
55.68576163770956
55.044577728526164
55.12026696725483
56.61444520216885
55.8185950684735
56.223925136965455
57.35783971976828
56.72693411230267
56.591833720962995
56.89957676528241
56.98596273327268
56.95711014475191
56.543027868730974
57.80150888963149
56.74210887928981
56.98375788558876
56.41885541460573
57.16331424914053
57.31272995764717
57.705163377203526
56.403673484561324
56.57429334291201
57.24239752337918
58.26483431924756
56.1708609051056
57.29641002207407
56.33851879773224
56.39299234757596
56.32673415264018
56.124965020016184
55.87526349521128
57.202528607707194
56.6054341348476
55.61331212594458
56.899485280896435
56.3712646845856
56.940082638166366
57.09479880781076
