0.7450208127498626
0.5101084768772125
0.3602676272392273
0.2946793556213379
0.36081439554691314
0.30462257415056226
0.29638027846813203
0.3059940129518509
0.2758138597011566
0.24874338507652283
0.2449006676673889
0.22914356291294097
0.23261723965406417
0.24430880695581436
0.19372690916061402
0.21839314252138137
0.21064873710274695
0.21606381982564926
0.20708542913198472
0.20576349571347236
0.19194018989801406
0.18064870536327363
0.18545020669698714
0.1694039821624756
0.17570603415369987
0.19465415626764299
0.16745187789201738
0.15937865525484085
0.15771855115890504
0.15268382877111436
0.14881514087319375
0.19286339804530145
0.16116279885172843
0.16247071772813798
0.16529945507645608
0.16505801156163216
0.14646757692098616
0.16168777421116828
0.1461269214749336
0.13906618431210518
0.14468633532524108
0.14177554920315744
0.14312374517321585
0.16627490445971488
0.15840806439518929
0.14674109369516372
0.12003404311835766
0.16080677062273024
0.14375660419464112
0.13829514905810356
0.15914560817182064
0.13676923438906669
0.13387129381299018
0.13391868844628335
0.12647768706083298
0.1439063385128975
0.12394554354250431
0.12832571119070052
0.11634461209177971
0.11584145203232765
0.11633300483226776
0.11470393165946006
0.12931689843535424
0.11911251842975616
0.10723992139101028
0.09885678216814994
0.12366189435124397
0.1131111741065979
0.12546019107103348
0.12564091086387635
0.10142144411802292
0.11113794073462487
0.1144828200340271
0.10954665914177894
0.12005126029253006
0.11313815228641033
0.11708868071436881
0.09341323226690293
0.10978295207023621
0.09557982049882412
0.09986845143139363
0.10424756184220314
0.11284741349518299
0.10620086044073104
0.11189225576817989
0.1182188518345356
0.10793111249804496
0.09754968620836735
0.08289685100317001
0.12181732803583145
0.09787817634642124
0.08875111229717732
0.10073034763336182
0.09387514181435108
0.11429060325026512
0.08460687696933747
0.10067534744739533
0.10228587836027145
0.07990604899823665
0.08709216862916946
0.09755569696426392
0.11068037375807763
0.08180087506771087
0.10225267298519611
0.11197881735861301
0.08969728015363217
0.08515190780162811
0.08144031353294849
0.07609698884189128
0.08878003917634487
0.08308113738894463
0.07991960495710373
0.08958744555711746
0.08155710175633431
0.0978848583996296
0.07589134350419044
0.08878106400370597
0.0834640096873045
0.07843036279082298
0.09161010794341565
0.08474615290760994
0.07378699257969856
0.09087166637182235
0.0770441573113203
0.07705990262329579
0.09090453945100307
0.07382678128778934
0.07869672738015651
0.08129670061171054
0.07390243634581566
0.07386240176856518
0.07845920287072658
0.0818111751228571
0.07732851691544056
0.06991181969642639
0.07424617148935794
0.0723569642752409
0.06896042488515378
0.06705344319343567
0.07206272371113301
0.08813744187355041
0.087564517557621
0.07552272900938987
0.08000970743596554
0.0737703837454319
0.09208115264773369
0.07483809813857079
0.09201380126178264
0.07131034024059772
0.07689686007797718
0.10335924774408341
0.07284746691584587
0.07109768651425838
0.08390953429043294
0.07199905700981617
0.07722326256334781
0.07762130871415138
0.06755538247525691
0.07536987140774727
0.07735368981957436
0.0741404727101326
0.06915889009833336
0.07620244771242142
0.06735477000474929
0.07917041927576066
0.059514730051159856
0.06348123997449875
0.07509092204272746
0.06881776861846448
0.06946050077676773
0.08897657357156277
0.07543654404580594
0.06542123667895794
0.07804261110723018
0.06364962980151176
0.06501841023564339
0.07389049865305423
0.06813695766031742
0.059398934990167615
0.05865752510726452
0.06294581592082978
0.0688573494553566
0.07927394509315491
0.06312171556055546
0.0695784032344818
0.06864042840898037
0.05692457593977451
0.05799071714282036
0.0682444155216217
0.06465846300125122
0.06532855704426765
0.06293534711003304
0.05917370691895485
0.06211642064154148
0.058171167597174646
0.05942668952047825
0.059973190724849704
0.06612157709896564
0.06773428842425347
0.061774324253201486
0.1267597558242934
0.1093300139265401
0.1007651530560993
0.12982882523820513
0.13141959479876927
0.1231576952905882
0.10576129066092628
0.09714353492572195
0.08257105325659116
0.08649051828043801
0.09505155230207103
0.10314718119445301
0.08368772889177005
0.0778208878778276
0.0905398547294594
0.09602800144680909
0.08489621829773698
0.07617964027892976
0.07788080101211865
0.06988612083452088
0.0703062934002706
0.10583510852995373
0.08859554731420108
0.07098695990585145
0.07688499313025247
0.06616551783822831
0.0806410578744752
0.06266345438503083
0.06146288805064701
0.062468418053218296
0.06981501763775236
0.06840524662818227
0.07888427775885377
0.06719868772086643
0.06891347015542644
0.07413769531108085
0.061912654233830314
0.07045865759608291
0.07345476347420897
0.06171221676326934
0.07574059831954184
0.06915880881604694
0.06206929346635228
0.05949565457801024
0.05872030582811151
0.053636680046717324
0.07074257048467796
0.06185801557841755
0.06058686075820809
0.05560640529507682
0.0620508725267081
0.05895720546444257
0.0639264067368848
0.058479521955762594
0.06821045838296413
0.052309562851275714
0.05680745449804124
0.057274961045810154
0.06032996748884519
0.056692290341570264
0.05672542875011762
0.07487597520507518
0.054073345536986984
0.05838828693543162
0.05890435077959583
0.05833932180844602
0.04974559756616751
0.05635878284062658
0.058738616694297106
0.05039856157132557
0.05899883052777676
0.054052471759773436
0.05747344211808273
0.05635335961622851
0.05702300316521099
0.062401995062828064
0.05449850458119597
0.05379784355560938
0.057335015652435165
0.05337529851212388
0.05093533323989028
0.07498587703421003
0.055420437472916785
0.05481811621714206
0.04589903044203917
0.0504709728771732
0.06161784974946862
0.055313084895412125
0.0509319073919739
0.05402387102090177
0.05594698153436184
0.05082016322939169
0.05183670572226956
0.05358994406248842
0.05261558320905481
0.054303696290368124
0.05152804271451065
0.048719242215156555
0.05664331847358318
0.05472434950726373
0.046462924707503545
0.05215003199520565
0.052908687630579584
0.04988730459340981
0.050776565713541846
0.05032105912410077
0.05374497450178578
0.05768611051497005
0.050725736788340976
0.04556212068668434
0.04695871969064077
0.053196148858183905
0.04748352395281905
0.051839430683425496
0.04735590260298479
0.048065535546768276
0.04974196567421868
0.05266926615011124
0.04783916109729381
0.052511684596538544
0.048123804054089954
0.0485721846953744
0.04785302378946826
0.05417420617526486
0.05136762772287641
0.04798947727041585
0.0496965880017905
0.04909950246413549
0.05760408716187591
0.04805376123459566
0.046720988782388825
0.04577594170612948
0.051215189996929394
0.05089938321283886
0.05342887395194599
0.04565848037600517
0.04602366898741041
0.0507480153547866
0.04954702309554532
0.04894032125316915
0.052563274190539404
0.04829413399455093
0.04514285531781968
0.047972697942029865
0.04629175258534295
0.05080723336764744
0.04710463877944719
0.04569054474788053
0.05080228573864415
0.048827468107144036
0.04949674400545302
0.04987557888740585
0.0451778740222965
0.04622438053290049
0.04757810499341715
0.04605414159595966
0.04633291180999506
0.04784132832927363
0.04928342705326421
0.05147120423082795
0.046443916768545195
0.049931552970693224
0.04649725946642104
0.051852978322477566
0.04893301090314275
0.05195004634913944
0.04967430810488406
0.04933951422572136
0.04591433499895391
0.044204402271480786
0.04766587034932205
0.04549366803396316
0.046476437754574274
0.045353500438588004
0.04381026496135053
0.04785250082966827
0.05199818783217952
0.04727763026243165
0.049724096787117776
0.061833408616838004
0.046769312982048304
0.04497926637885116
0.04626529007440522
0.04749315267517453
0.042909025436355955
0.045484146369355063
0.04528735773194404
0.05362231293249698
0.05512792741258939
0.04490110091865063
0.04718891606621799
0.043861388007090205
0.05025988054417428
0.04542096127711591
0.044331606122709456
0.04764221919079622
0.05327540086138816
0.045966846779698416
0.051900851407221386
0.0504781822008746
